$ 1 0.000005 10.20027730826997 48 5 43 5e-11
415 256 224 320 224 0 0.5 1 0.15 0.15 0.02 0.05 1 0
w 256 224 144 224 0
w 144 224 144 176 0
w 432 224 432 176 0
w 144 272 144 224 0
f 80 80 144 80 33 1.5 0.02
f 496 80 432 80 33 1.5 0.02
d 176 224 176 64 2 default
w 176 64 144 64 0
w 400 64 432 64 0
d 400 224 400 64 2 default
w 144 64 144 16 0
w 432 64 432 16 0
R 144 16 144 -32 0 0 40 12 0 0 0.5
R 432 16 432 -32 0 0 40 12 0 0 0.5
w 80 80 48 80 0
w 496 80 528 80 0
g 48 112 48 144 0 0
r 48 0 48 80 0 10000
R 48 0 48 -32 0 0 40 12 0 0 0.5
R 560 0 560 -32 0 0 40 12 0 0 0.5
r 560 0 560 80 0 10000
g 560 112 560 144 0 0
w 528 80 560 80 0
r -16 96 -16 160 0 10000
g -16 160 -16 176 0 0
w -16 96 -64 96 0
d -64 160 -64 96 2 default
g -64 160 -64 176 0 0
w -64 96 -96 96 0
w 672 96 704 96 0
g 672 160 672 176 0 0
d 672 160 672 96 2 default
w 624 96 672 96 0
g 624 160 624 176 0 0
r 624 96 624 160 0 10000
f 80 288 144 288 32 1.5 0.02
g 144 304 144 336 0 0
r 80 288 80 352 0 10000
g 80 352 80 368 0 0
w 80 288 32 288 0
d 32 352 32 288 2 default
g 32 352 32 368 0 0
w 32 288 0 288 0
w 544 288 576 288 0
g 544 352 544 368 0 0
d 544 352 544 288 2 default
w 496 288 544 288 0
g 496 352 496 368 0 0
r 496 288 496 352 0 10000
g 432 304 432 336 0 0
f 496 288 432 288 32 1.5 0.02
w 432 272 432 224 0
w 224 -144 -96 -144 0
w -96 -144 -96 96 0
w 208 160 256 160 0
w 256 160 256 128 0
w 368 160 304 160 0
w 304 160 304 112 0
w 304 112 144 112 0
w 736 -112 736 288 0
w 736 288 576 288 0
s 224 -208 224 -160 0 1 false
R 224 -208 224 -240 0 0 40 5 0 0 0.5
w 224 -160 224 -144 0
w 352 -160 352 -144 0
R 352 -208 352 -240 0 0 40 5 0 0 0.5
s 352 -208 352 -160 0 1 false
w 224 -112 736 -112 0
w 224 -144 224 -112 0
w 144 96 144 112 0
f -16 96 48 96 32 1.5 0.02
w 352 -144 704 -144 0
w 704 -144 704 96 0
w 352 -144 352 -80 0
w 352 -80 -128 -80 0
w -128 -80 -128 288 0
w -128 288 0 288 0
w 320 224 432 224 0
w 256 128 432 128 0
f 624 96 560 96 32 1.5 0.02
w 144 112 144 144 0
r 208 160 208 336 0 10000
r 368 160 368 336 0 10000
g 208 336 208 352 0 0
g 368 336 368 352 0 0
w 432 96 432 128 0
w 432 128 432 144 0
w 400 304 432 304 0
d 400 304 400 224 2 default
d 176 304 176 224 2 default
w 176 304 144 304 0
403 -112 384 112 480 0 7_64_0_4611_10_0.00009765625_-1_2_7_3
403 128 384 352 480 0 10_64_0_4099_10_0.00009765625_-1_2_10_3
403 -112 496 112 592 0 90_64_0_4099_10_0.00009765625_-1_2_90_3
403 128 496 352 592 0 89_64_0_4099_10_0.00009765625_-1_2_89_3
d -64 96 -64 32 2 default
R -64 32 -64 0 0 0 40 12 0 0 0.5
f 208 160 144 160 33 1.5 0.02
f 368 160 432 160 33 1.5 0.02
